"region","region_num","years","u5m","lower","upper","logit.est","var.est"
"All",0,"80-84",0.123606527518563,0.0834396054685442,0.179326271736077,-1.95871180432136,0.0498932269681039
"All",0,"85-89",0.159933743358694,0.136949577866597,0.185944246548223,-1.65872114021975,0.00863595733666589
"All",0,"90-94",0.180349443865523,0.16129393024919,0.201116370376447,-1.51398177466984,0.00471973601766178
"All",0,"95-99",0.17550185316636,0.16082734646161,0.19121022913521,-1.54712529217002,0.00286780464856732
"All",0,"00-04",0.136132671750647,0.127284408592703,0.14549348367235,-1.84778926394975,0.00155935765265979
"All",0,"05-09",0.11771579244175,0.110184879747547,0.125688721803534,-2.01424105425179,0.00144921410931768
"All",0,"10-14",0.103957103167923,0.0961697792631372,0.112296657504097,-2.15400994324436,0.00194850251311004
"bandundu",1,"80-84",0.16373628660523,0.0561021697214301,0.392091218360922,-1.63068688490012,0.36997331554432
"bandundu",1,"85-89",0.166432516213698,0.0970793764950661,0.270488845059927,-1.61112474402894,0.0997374766050386
"bandundu",1,"90-94",0.197009656256559,0.136491141700266,0.275791248204224,-1.40508994458088,0.0503184035016813
"bandundu",1,"95-99",0.150042466954666,0.111654258505791,0.198677251188638,-1.7342680200547,0.0300371551861894
"bandundu",1,"00-04",0.107560932073324,0.0844232396525281,0.136097309432075,-2.11590074311657,0.018670666521197
"bandundu",1,"05-09",0.0961230066168286,0.0792738324111867,0.11610178985743,-2.24106459166293,0.0116104878294261
"bandundu",1,"10-14",0.0727653538906857,0.0539225690463637,0.0975139188624976,-2.54496672388189,0.0266246584241484
"bas-congo",2,"80-84",0.0873426198171164,0.0263717357287628,0.252691776099461,-2.34652199879473,0.414734650728063
"bas-congo",2,"85-89",0.206063186405838,0.125537665103841,0.319376493199995,-1.34882102634133,0.0912882233652319
"bas-congo",2,"90-94",0.239827829067233,0.167152906549751,0.331522676790906,-1.15362366130882,0.053258681381849
"bas-congo",2,"95-99",0.197113846898571,0.156971341525732,0.244544197131447,-1.40443146208107,0.0199027777256179
"bas-congo",2,"00-04",0.150066065507605,0.113636396584592,0.195597219790442,-1.73408298848725,0.0266632740302861
"bas-congo",2,"05-09",0.12915657714196,0.100519504926135,0.164460402120558,-1.9084367489699,0.0208528383993214
"bas-congo",2,"10-14",0.117104396197597,0.0828259574838454,0.163047388862304,-2.02014115247499,0.0384683483640398
"equateur",3,"80-84",0.148397752909501,0.0586816697532087,0.327548731586552,-1.74722338318544,0.275062502931947
"equateur",3,"85-89",0.170325344356876,0.115639443758265,0.243744498026439,-1.58332324437185,0.0529640405057542
"equateur",3,"90-94",0.230413900444863,0.170313558742522,0.303952913705642,-1.20597557848599,0.0370833627905712
"equateur",3,"95-99",0.17361698010739,0.140599852206473,0.212470645144949,-1.56020676139224,0.0162841753260861
"equateur",3,"00-04",0.133214411658897,0.112844219126603,0.156612611712069,-1.87283169535376,0.00931659288277145
"equateur",3,"05-09",0.13376208380948,0.114955708080359,0.155105929208396,-1.86809687290896,0.00779050217568411
"equateur",3,"10-14",0.14124979060274,0.118357255793263,0.167727800541362,-1.80494819980916,0.0107412932624554
"kasai-occidental",4,"80-84",0.232627552551225,0.0985271628958182,0.456765852617461,-1.19353358568294,0.270921735140362
"kasai-occidental",4,"85-89",0.230523892724117,0.153333350691489,0.331364953646917,-1.20535538998821,0.0659511129868704
"kasai-occidental",4,"90-94",0.189795648086032,0.140546512762626,0.251257115135428,-1.45133854519432,0.0336285015207602
"kasai-occidental",4,"95-99",0.223945039844739,0.177919090107152,0.277853218459489,-1.2428226787037,0.021544927284912
"kasai-occidental",4,"00-04",0.187318279151287,0.159490153542972,0.218738286929398,-1.46753034803158,0.00984749476736571
"kasai-occidental",4,"05-09",0.157341514128724,0.130028334957483,0.189144609177619,-1.67814306618259,0.0128949092693848
"kasai-occidental",4,"10-14",0.105018412604897,0.0868202706492305,0.126502597429113,-2.14266745239437,0.0115265425243578
"kasai-oriental",5,"80-84",0.109542171019364,0.037869904182897,0.277707991751484,-2.09542614646528,0.338051920740901
"kasai-oriental",5,"85-89",0.153669582637965,0.098170265195813,0.232457245206067,-1.70610511751304,0.0681387520384497
"kasai-oriental",5,"90-94",0.157839011814453,0.123918092874841,0.198936840824338,-1.67439559232052,0.0206198406956022
"kasai-oriental",5,"95-99",0.151332981673594,0.1095309712659,0.205408467201333,-1.72418431918872,0.0358993208035224
"kasai-oriental",5,"00-04",0.129775950325795,0.110987143807068,0.151204497389068,-1.90294120229594,0.00822532277374657
"kasai-oriental",5,"05-09",0.130134775278383,0.108174224681341,0.155774840273712,-1.89976763920532,0.0114537926587314
"kasai-oriental",5,"10-14",0.111249105418298,0.0903603141444845,0.136243542601789,-2.07804510784845,0.013914675210601
"katanga",6,"80-84",0.0227011377736647,0.0054950815648783,0.0889629720740466,-3.76237745772393,0.536810818375667
"katanga",6,"85-89",0.21508564397679,0.150571787326579,0.297558105422146,-1.29453831833531,0.0493912424314292
"katanga",6,"90-94",0.221874663503503,0.185306616992401,0.263326523432368,-1.25477496847368,0.0132989339679712
"katanga",6,"95-99",0.197727635761179,0.160538285340881,0.241058166244696,-1.4005576497399,0.0167511515578705
"katanga",6,"00-04",0.181883120990643,0.15506449432909,0.212175319503485,-1.50364092184648,0.00957420106675107
"katanga",6,"05-09",0.114802447847045,0.0982189653915882,0.13377056664421,-2.04259803650154,0.00793349940088553
"katanga",6,"10-14",0.12419776476894,0.101785659065081,0.150716717840025,-1.95326513427241,0.0130937220152914
"kinshasa",7,"80-84",0.127802620508018,0.0502703361110756,0.288579062991317,-1.92052870443272,0.269897331304756
"kinshasa",7,"85-89",0.059869674592352,0.0264273756047345,0.129981221679549,-2.7538484000192,0.18928682166208
"kinshasa",7,"90-94",0.097500477795612,0.0614725107246813,0.151241125596672,-2.22531088233387,0.0651865215434557
"kinshasa",7,"95-99",0.103059975427667,0.0759170023240233,0.138453492581262,-2.16367789311262,0.0292985217174152
"kinshasa",7,"00-04",0.0938557383062976,0.0695312591258057,0.125541640396501,-2.26743961806561,0.0277457755978881
"kinshasa",7,"05-09",0.0775304767414549,0.0583349319667806,0.102355882927607,-2.47638323091654,0.0242264368198082
"kinshasa",7,"10-14",0.0868690566704955,0.0642387948909387,0.116479233428635,-2.35247740214476,0.027712329620947
"maniema",8,"80-84",0.0561261490266904,0.00734956024216677,0.323213379768316,-2.8223907062836,1.12986668708759
"maniema",8,"85-89",0.0842166988809923,0.0349277260511097,0.189409594157812,-2.3863865402691,0.226378179173567
"maniema",8,"90-94",0.100969101542327,0.0445699431678801,0.212837814012482,-2.18650285897624,0.200948707391034
"maniema",8,"95-99",0.2026215961258,0.122446599779214,0.31636759363016,-1.36998917037381,0.0935500396588571
"maniema",8,"00-04",0.115501239464086,0.0860852326549517,0.153283046992012,-2.03573985108771,0.0277775935445483
"maniema",8,"05-09",0.10827403232986,0.0783895483288817,0.147725224499048,-2.10849352434019,0.0329802352927379
"maniema",8,"10-14",0.110823067398028,0.0764710818489984,0.157966989117868,-2.08236129785274,0.0435309210259676
"nord-kivu",9,"80-84",0.0399644292161633,0.00850506416468371,0.168064227926789,-3.17898054779203,0.649504865433123
"nord-kivu",9,"85-89",0.104175669348074,0.0641471918488356,0.164784175861156,-2.15166573169712,0.0727408074945055
"nord-kivu",9,"90-94",0.136930565141036,0.0801332628898527,0.224174202133993,-1.84102117182767,0.093563454057629
"nord-kivu",9,"95-99",0.14322633626756,0.104571459114766,0.193088790714891,-1.78874763062078,0.0334910025221287
"nord-kivu",9,"00-04",0.0895889477327869,0.0676742403130661,0.117704289658508,-2.31866424213477,0.0241070017513407
"nord-kivu",9,"05-09",0.0816390373593683,0.0611299093024105,0.108235750160893,-2.42028297224075,0.0252418509528132
"nord-kivu",9,"10-14",0.0360814310195131,0.0228774736379919,0.0564657922788573,-3.28522846221939,0.0573161398123714
"orientale",10,"80-84",0.142329110712782,0.0429448384364898,0.380314814408169,-1.7960783899863,0.445277174892801
"orientale",10,"85-89",0.148422340374387,0.0948498400673532,0.224740425870978,-1.74702883825296,0.0673843068291414
"orientale",10,"90-94",0.141864182583852,0.102457424861391,0.193165493412972,-1.79989224309361,0.0356993595771259
"orientale",10,"95-99",0.180740363024452,0.145424460389985,0.222400656646682,-1.51133950766099,0.017544541162829
"orientale",10,"00-04",0.143258762966352,0.115444262212707,0.176438025466833,-1.7884834062899,0.0159866142865525
"orientale",10,"05-09",0.119688734732723,0.096906939230702,0.146954779463503,-1.99538105983594,0.0145839839126233
"orientale",10,"10-14",0.105480721459921,0.080392184897426,0.137230427189574,-2.13775825378416,0.0233150413198268
"sud-kivu",11,"80-84",0.0646490136034683,0.022959390139867,0.168948646583524,-2.67194899775464,0.302989605112291
"sud-kivu",11,"85-89",0.161068968669704,0.0896153032499447,0.272445454475477,-1.65029584958017,0.11617579378175
"sud-kivu",11,"90-94",0.206756686429508,0.145174008104072,0.285730802031676,-1.34458732723844,0.0477702121933211
"sud-kivu",11,"95-99",0.266015697547751,0.194708784955822,0.352021399199747,-1.0149323217031,0.0426494259876757
"sud-kivu",11,"00-04",0.180862618645634,0.137537406677741,0.234130647334447,-1.51051408252517,0.0275606999960108
"sud-kivu",11,"05-09",0.1486051206983,0.112031600782834,0.194503026696675,-1.74558344762952,0.0274236457635644
"sud-kivu",11,"10-14",0.129407221563795,0.0994108570071896,0.166778563458439,-1.90621014558038,0.0230517821666704
