"region","region_num","years","u5m","lower","upper","logit.est","var.est"
"All",0,"80-84",0.156468119345075,0.139971833207887,0.174514061944275,-1.68474541797707,0.00445221983440423
"All",0,"85-89",0.141674871066583,0.127804820412556,0.156779599328088,-1.80144817386931,0.003690127528291
"All",0,"90-94",0.13942972432558,0.128554228527338,0.151065779349459,-1.82003457468362,0.00228883938107427
"All",0,"95-99",0.155793698123874,0.145015922999876,0.16721583037888,-1.68986421410977,0.00185324238505352
"All",0,"00-04",0.14029358206446,0.131725098360245,0.149323576346831,-1.81285371478341,0.00138485879018173
"All",0,"05-09",NA,NA,NA,NA,NA
"All",0,"10-14",NA,NA,NA,NA,NA
"adam/nord/ext-nord",1,"80-84",0.196165003442117,0.163481043526811,0.233558895996799,-1.41043786058849,0.0128427129886539
"adam/nord/ext-nord",1,"85-89",0.210384368752738,0.180137377489268,0.244197426306031,-1.32261009923237,0.00967718572990445
"adam/nord/ext-nord",1,"90-94",0.18270117472719,0.16207184691889,0.205312921459833,-1.49815289401603,0.00545355045438217
"adam/nord/ext-nord",1,"95-99",0.205905442736626,0.186067138593339,0.22726829341783,-1.34978549634094,0.00413180903923748
"adam/nord/ext-nord",1,"00-04",0.164093446379981,0.149656036326253,0.179629425665319,-1.62808076831805,0.00310536658652134
"adam/nord/ext-nord",1,"05-09",NA,NA,NA,NA,NA
"adam/nord/ext-nord",1,"10-14",NA,NA,NA,NA,NA
"centre/sud/est",2,"80-84",0.152084336934715,0.120716911085843,0.189842599336155,-1.71834596168399,0.018601289544747
"centre/sud/est",2,"85-89",0.124787509564611,0.104901725145871,0.147820420595747,-1.94785433577739,0.0100060031978703
"centre/sud/est",2,"90-94",0.144362780826,0.123106885665021,0.168583187372238,-1.77951703421011,0.00879561520095256
"centre/sud/est",2,"95-99",0.148314209005873,0.127287019285934,0.172129872574183,-1.74788461176069,0.00818109573102854
"centre/sud/est",2,"00-04",0.152688982008041,0.135153857130023,0.172046567041135,-1.71366477164648,0.00528407761423521
"centre/sud/est",2,"05-09",NA,NA,NA,NA,NA
"centre/sud/est",2,"10-14",NA,NA,NA,NA,NA
"nord-ouest/sud-ouest",3,"80-84",0.132637168162372,0.0980653218497199,0.177005052283133,-1.87784003904184,0.0302821294972365
"nord-ouest/sud-ouest",3,"85-89",0.102553040540836,0.0804566577642311,0.129860898334559,-2.16917388709164,0.0185556621114613
"nord-ouest/sud-ouest",3,"90-94",0.101435857302611,0.0812260331126869,0.125984574853994,-2.18137144135924,0.0155533204333225
"nord-ouest/sud-ouest",3,"95-99",0.118826345724759,0.0990153536787663,0.141976510960388,-2.00359156922489,0.0108995178572605
"nord-ouest/sud-ouest",3,"00-04",0.114106316837718,0.0961432381444225,0.134924560699865,-2.04946632934475,0.00953302583432308
"nord-ouest/sud-ouest",3,"05-09",NA,NA,NA,NA,NA
"nord-ouest/sud-ouest",3,"10-14",NA,NA,NA,NA,NA
"ouest/littoral",4,"80-84",0.127111314031313,0.100019413170464,0.160234972915171,-1.92674484922593,0.0190143009034843
"ouest/littoral",4,"85-89",0.102034887945269,0.0786007346464589,0.131458924519449,-2.17481642334744,0.0213967120592533
"ouest/littoral",4,"90-94",0.107891795042439,0.0871014623330054,0.132922035820135,-2.11245860409529,0.0146332006732935
"ouest/littoral",4,"95-99",0.129178416501285,0.10963843445728,0.151607872310333,-1.90824259243122,0.00902504559012038
"ouest/littoral",4,"00-04",0.120463858923183,0.100831443331709,0.143309573680242,-1.98804487409172,0.0104101486117019
"ouest/littoral",4,"05-09",NA,NA,NA,NA,NA
"ouest/littoral",4,"10-14",NA,NA,NA,NA,NA
"yaounde/douala",5,"80-84",0.131888876068674,0.0911972710058147,0.187000843977242,-1.88436000935968,0.0447777317129626
"yaounde/douala",5,"85-89",0.0873823555345432,0.0638333527506873,0.118519062313222,-2.34602362206325,0.0300032408735323
"yaounde/douala",5,"90-94",0.0932954917411645,0.0694127111880654,0.124298018825632,-2.2740448201457,0.0269406938939494
"yaounde/douala",5,"95-99",0.080417533122163,0.0646149213126151,0.0996731014740562,-2.43668750060715,0.0144772169522712
"yaounde/douala",5,"00-04",0.10613818805346,0.0821862095063457,0.136035997968278,-2.13080928449345,0.0207305501156499
"yaounde/douala",5,"05-09",NA,NA,NA,NA,NA
"yaounde/douala",5,"10-14",NA,NA,NA,NA,NA
