"region","region_num","years","u5m","lower","upper","logit.est","var.est"
"All",0,"80-84",0.18802975947835,0.156248668619668,0.224554748464681,-1.46286344448598,0.0130087659760335
"All",0,"85-89",0.158404602723703,0.141656100210737,0.176725626706592,-1.67014683639539,0.00449844808561563
"All",0,"90-94",0.131793189500415,0.118791997034193,0.145981576443887,-1.88519599947786,0.00366925888055536
"All",0,"95-99",0.096577795940741,0.0877451510534803,0.106196054358567,-2.23584114213227,0.00290518731786672
"All",0,"00-04",0.0693198122724502,0.062991626323162,0.0762320112069333,-2.59718494675511,0.00273525550751864
"All",0,"05-09",0.0614807974942057,0.0547893619525613,0.0689298628167961,-2.72557842647506,0.00389577051839508
"All",0,"10-14",0.0472775444809532,0.0408213487173941,0.0546966076311678,-3.00328819276677,0.00614038384496998
"barisal",1,"80-84",0.197222348623039,0.120851598768428,0.305105662880867,-1.40374601271145,0.0877655841393565
"barisal",1,"85-89",0.161359815899745,0.123772604366742,0.207656390541091,-1.64814499895007,0.0248609671498723
"barisal",1,"90-94",0.114044383151417,0.0910719062959961,0.141906862453901,-2.05007915698352,0.016339890551894
"barisal",1,"95-99",0.110319165994396,0.0871722710323,0.138678523766056,-2.08748511135243,0.0177570005842331
"barisal",1,"00-04",0.0828637069268308,0.063486179902421,0.107476962899419,-2.40405891763974,0.0214844396333555
"barisal",1,"05-09",0.0618958416071748,0.0447088184384311,0.0851013385641028,-2.71840798767576,0.0307042935252452
"barisal",1,"10-14",0.0325421214240561,0.0211978021437928,0.0496495674728954,-3.39213659358761,0.0504652316743628
"chittagong",2,"80-84",0.239914181673901,0.161054841777079,0.341661281821006,-1.15315006271808,0.0643656248881027
"chittagong",2,"85-89",0.152612772738679,0.121212102054665,0.190385653364887,-1.71425394909691,0.0185227379943478
"chittagong",2,"90-94",0.134422523232185,0.109606381425694,0.163823546905941,-1.86240888976249,0.0140547576148615
"chittagong",2,"95-99",0.11365095143216,0.0970811523436433,0.13263344600295,-2.05397891117014,0.00807336665958323
"chittagong",2,"00-04",0.0762606507181182,0.0650141398204463,0.0892669028822743,-2.49427285504313,0.00767026744826534
"chittagong",2,"05-09",0.075612108374254,0.0624923068377785,0.0912183157894713,-2.50351534564244,0.0109042524874035
"chittagong",2,"10-14",0.0580737089166334,0.0473224227645245,0.0710853450188906,-2.78621397715862,0.0121541938392962
"dhaka",3,"80-84",0.170937403705284,0.106699715967735,0.262485061828774,-1.57899823119772,0.0775781913835458
"dhaka",3,"85-89",0.143313724274607,0.113366282708032,0.179570010715371,-1.78803567563696,0.0188049724796294
"dhaka",3,"90-94",0.144439739325575,0.115205285312357,0.17958697876478,-1.77889413829702,0.0175631008264616
"dhaka",3,"95-99",0.0810232772839197,0.0640589861178983,0.10199054598478,-2.42852430584387,0.0166921766548681
"dhaka",3,"00-04",0.0651650936489906,0.0527237458748513,0.0802934091833607,-2.66344599086334,0.0131878237604784
"dhaka",3,"05-09",0.0569315353171772,0.0446080746929013,0.072401485676155,-2.80728947194742,0.0171826631071643
"dhaka",3,"10-14",0.0414526814816725,0.0290179550616482,0.0588927277573108,-3.14086635707958,0.0355464142132128
"khulna",4,"80-84",0.174564094952503,0.123684056305165,0.240627386497202,-1.55361963603098,0.0425672909735185
"khulna",4,"85-89",0.149650766652799,0.117045000303077,0.18939136418072,-1.73734277060694,0.0209035820644202
"khulna",4,"90-94",0.0990978210725989,0.0781473032229817,0.124903955520804,-2.20728922833052,0.017665319796978
"khulna",4,"95-99",0.0747692052962151,0.0589209609508434,0.09445238750148,-2.51563710786805,0.0169528120908132
"khulna",4,"00-04",0.0496783474687698,0.0364350869888929,0.0673985112305647,-2.95123133533968,0.027306253182855
"khulna",4,"05-09",0.0503655152710254,0.0376328149314552,0.067105806450338,-2.93677043756288,0.0241762551096716
"khulna",4,"10-14",0.0557603894784711,0.0383389305729238,0.0804361197372507,-2.82931620730658,0.0401812738941487
"rajshahi",5,"80-84",0.179549573936192,0.132251849397616,0.239101683565705,-1.51940214181031,0.0340737647729698
"rajshahi",5,"85-89",0.186338200633903,0.153869570306416,0.223845630425734,-1.47398149415683,0.0138411582020385
"rajshahi",5,"90-94",0.133365791222245,0.114634008444684,0.154623880540304,-1.87152132024844,0.00776722470183032
"rajshahi",5,"95-99",0.10315481112156,0.0869813516152398,0.121933962321146,-2.16265237909199,0.00924086334972238
"rajshahi",5,"00-04",0.0703769479704598,0.0598235986839836,0.0826283735412773,-2.58091341764323,0.00785910146792472
"rajshahi",5,"05-09",0.0516546432341121,0.0425188927818582,0.0626249435897807,-2.91013864672795,0.0108566386619364
"rajshahi",5,"10-14",0.0412832432811775,0.0325173862773342,0.0522844480862868,-3.14513899256956,0.0159826493255678
